0
0.33333
0.77551
1.2886
1.5124
1.6754
1.844
1.9844
2.1641
2.2894
2.4718
2.5834
2.7078
2.7704
2.8976
3.0461
3.2004
3.3281
3.4255
3.5626
3.6719
3.8029
3.9275
4.0509
4.1505
4.212
4.2425
4.2417
4.2699
4.3716
4.5746
4.7626
4.9332
5.0126
5.0996
5.171
5.2516
5.3253
5.4012
5.4737
5.5945
5.6851
5.7593
5.7882
5.8612
5.9648
6.076
6.1592
6.2988
6.4212
6.5344
6.6138
6.6822
6.7232
6.7366
6.7394
6.8333
6.9279
7.062
7.1252
7.2156
7.2965
7.437
7.5302
7.5937
7.5731
7.6189
7.7226
7.7811
7.7737
7.6817
7.6929
7.6729
7.6798
7.6735
7.728
7.8237
7.914
8.0143
8.0554
8.0299
7.9874
7.995
8.0447
8.0973
8.1716
8.2541
8.3217
8.3334
8.3757
8.493
8.5896
8.6786
8.6932
8.7744
8.8823
9.0471
9.2098
9.3454
9.4496
9.498
9.611
9.771
10.022
10.184
10.291
10.33
10.368
10.414
10.45
10.531
10.558
10.622
10.622
10.67
10.697
10.771
10.798
10.849
10.893
10.957
11.006
11.096
11.202
11.307
11.331
11.333
11.315
11.316
11.342
11.374
11.395
11.399
11.452
11.511
11.622
11.718
11.809
11.845
11.851
11.854
11.857
11.849
11.835
11.785
11.683
11.621
11.55
11.488
11.426
11.408
11.449
11.459
11.492
11.512
11.542
11.569
11.593
11.612
11.586
11.515
11.464
11.433
11.5
11.564
11.655
11.681
11.669
11.642
11.605
11.528
11.468
11.405
11.388
11.257
11.213
11.136
11.16
11.075
10.999
10.837
10.657
10.527
10.489
10.554
10.614
10.68
10.793
10.936
11.09
11.154
11.201
11.176
11.179
11.208
11.256
11.265
11.248
11.253
11.247
11.243
11.242
11.32
11.36
11.416
11.419
11.416
11.327
11.236
11.146
11.146
11.148
11.163
11.15
11.103
11.088
11.121
11.248
11.393
11.524
11.569
11.647
11.713
11.82
11.877
11.957
12.025
12.067
12.079
12.095
12.133
12.198
12.271
12.342
12.381
12.387
12.378
12.371
12.423
12.512
12.602
12.697
12.797
12.869
12.927
12.953
13.065
13.108
13.205
13.305
13.437
13.568
13.672
13.733
13.707
13.602
13.553
13.586
13.719
13.825
13.9
13.909
13.966
13.987
14.006
13.969
13.946
13.915
13.917
13.859
13.814
13.758
13.751
13.743
13.762
13.771
13.744
13.704
13.609
13.52
13.374
13.289
13.15
13.087
13.04
13.077
13.101
13.064
13.107
13.174
13.281
13.283
13.279
13.315
13.368
13.355
13.366
13.434
13.54
13.624
13.647
13.714
13.771
13.831
13.728
13.592
13.506
13.616
13.812
13.968
14.032
14.042
14.042
14.004
13.919
13.856
13.84
13.885
13.966
14.02
14.024
13.974
13.99
14.05
14.122
14.162
14.168
14.109
14.011
13.923
13.934
13.999
14.097
14.17
14.101
14.01
13.851
13.832
13.803
13.868
13.849
13.743
13.608
13.511
13.487
13.475
13.482
13.519
13.514
13.51
13.438
13.366
13.281
13.237
13.252
13.288
13.314
13.306
13.289
13.321
13.338
13.432
13.5
13.588
13.574
13.622
13.651
13.726
13.748
13.765
13.804
13.896
13.995
14.119
14.174
14.27
14.345
14.441
14.449
14.371
14.301
14.279
14.337
14.396
14.478
14.508
14.537
14.594
14.669
14.705
14.685
14.66
14.645
14.705
14.741
14.719
14.59
14.503
14.521
14.557
14.527
14.491
14.528
14.556
14.483
14.36
14.261
14.241
14.25
14.341
14.463
14.607
14.739
14.863
15.039
15.14
15.17
15.046
14.809
14.6
14.496
14.534
14.54
14.476
14.407
14.284
14.247
14.22
14.315
14.323
14.35
14.327
14.323
14.394
14.55
14.75
14.857
14.886
14.869
14.863
14.894
14.909
14.867
14.787
14.661
14.582
14.536
14.541
14.587
14.599
14.601
14.56
14.548
14.525
14.509
14.524
14.53
14.54
14.469
14.404
14.325
14.283
14.345
14.422
14.542
14.601
14.738
14.81
14.899
14.882
14.861
14.804
14.777
14.793
14.834
14.896
14.975
15.048
15.083
15.08
15.096
15.143
15.212
15.204
15.171
15.07
14.976
14.862
14.761
14.681
14.588
14.533
14.486
14.441
14.436
14.454
14.625
14.764
14.885
14.847
14.701
14.537
14.435
14.406
14.442
14.396
14.369
14.259
14.287
14.333
14.476
14.513
14.568
14.633
14.722
14.769
14.731
14.667
14.627
14.613
14.608
14.513
14.38
14.273
14.188
14.14
14.064
14.011
13.954
13.931
13.928
13.936
14.016
14.168
14.251
14.306
14.338
14.489
14.617
14.684
14.601
14.543
14.459
14.448
14.38
14.247
14.079
13.902
13.682
13.427
13.203
13.141
13.175
13.266
13.338
13.366
13.319
13.222
13.09
12.885
12.674
12.621
12.69
12.841
12.905
12.922
12.903
12.931
13.017
13.077
13.095
13.078
13.004
12.884
12.685
12.612
12.622
12.659
12.643
12.608
12.627
12.711
12.804
12.967
13.094
13.144
13.122
13.076
13.072
12.99
12.965
13.035
13.182
13.31
13.339
13.337
13.283
13.279
13.324
13.448
13.569
13.717
13.861
14.061
14.401
14.765
15.037
15.111
15.134
15.209
15.271
15.325
15.449
15.557
15.66
15.619
15.483
15.299
15.028
14.746
14.503
14.334
14.33
14.415
14.55
14.617
14.58
14.524
14.476
14.504
14.58
14.627
14.624
14.583
14.565
14.577
14.555
14.521
14.454
14.351
14.243
14.07
13.969
13.902
13.898
13.896
13.961
14.083
14.188
14.307
14.374
14.507
14.572
14.644
14.749
14.93
15.173
15.376
15.494
15.54
15.652
15.767
16.06
16.293
16.563
16.696
16.802
16.943
17.044
17.153
17.22
17.262
17.244
17.265
17.299
17.344
17.261
17.164
17.073
17.081
17.058
17.161
17.297
17.486
17.581
17.68
17.789
17.765
17.649
17.539
17.512
17.474
17.378
17.22
17.113
17.004
17.038
16.989
16.975
16.849
16.773
16.694
16.601
16.491
16.386
16.337
16.301
16.192
16.069
16.006
16.027
16.129
16.181
16.235
16.242
16.307
16.416
16.522
16.525
16.43
16.283
15.925
15.545
15.256
15.355
15.548
15.743
15.841
15.868
15.846
15.754
15.724
15.731
15.785
15.877
16.072
16.328
16.564
16.678
16.847
16.985
17.078
17.011
16.946
16.84
16.843
16.862
16.938
16.9
16.843
16.694
16.57
16.358
16.266
16.167
16.152
16.167
16.273
16.442
16.644
16.802
16.903
16.943
17.021
17.128
17.211
17.268
17.339
17.437
17.434
17.412
17.467
17.593
17.693
17.704
17.706
17.652
17.523
17.408
17.349
17.391
17.497
17.697
17.918
18.115
18.246
18.374
18.403
18.406
18.278
18.156
18.067
18.006
17.988
17.84
17.948
18.005
17.917
17.534
17.058
16.83
16.774
16.857
16.977
16.993
17.036
16.966
16.906
16.805
16.78
16.784
16.834
16.987
17.111
17.115
17.01
16.965
17.046
17.088
17.095
17.085
17.204
17.365
17.582
17.724
17.878
17.99
18.052
17.719
17.36
17.001
16.979
17.028
17.195
17.371
17.53
17.49
17.389
17.276
17.318
17.447
17.552
17.878
18.077
18.292
18.281
18.401
18.56
18.752
18.938
19.089
19.257
19.483
19.715
19.896
19.852
19.589
19.287
19.02
18.876
18.668
18.541
18.515
18.522
18.464
18.224
17.994
17.861
17.879
17.835
17.776
17.824
17.846
17.894
17.827
17.997
18.123
17.912
17.549
17.012
16.692
16.315
16.078
15.794
15.418
14.973
14.589
14.258
13.971
13.729
13.646
13.652
13.716
13.784
13.831
13.865
13.75
13.696
13.658
13.831
13.929
13.935
13.745
13.466
13.175
12.917
12.672
12.496
12.364
12.368
12.604
12.971
13.338
13.481
13.568
13.639
13.676
13.688
13.443
13.345
13.295
13.592
13.687
13.733
13.615
13.579
13.48
13.362
13.418
13.539
13.683
13.661
13.601
13.505
13.365
13.252
13.125
13.055
13.107
13.289
13.529
13.754
13.993
14.097
14.11
14.202
14.403
14.641
14.853
15.078
15.076
14.847
14.554
14.278
14.09
13.885
13.762
13.73
13.946
14.283
14.568
14.646
14.678
14.767
14.738
14.774
14.953
15.331
15.69
15.837
15.972
16.051
16.244
16.403
16.543
16.515
16.453
16.402
16.595
16.849
17.104
17.237
17.333
17.379
17.255
17.177
16.976
16.744
16.267
15.98
15.902
16.077
16.355
16.576
16.724
16.799
17.026
17.307
17.574
17.461
